Vector Kr : 
94
154
212
223
194
86
8
23
81
193
156
131
7
59
178
242
245
190
243
159
247
125
131
164
130
146
149
0
68
106
2
185
127
32
214
122
88
161
197
179
188
11
97
101
232
155
227
161
145
127
156
120
42
186
114
135
9
113
187
82
225
103
192
250
195
13
176
16
90
223
168
19
213
148
24
40
205
160
136
114
35
109
169
55
21
66
57
59
20
160
93
148
113
29
85
215
120
154
233
95
131
12
116
76
201
205
75
130
113
184
46
195
252
241
41
23
34
105
46
31
142
6
17
143
40
116
2
112
202
150
19
143
42
88
191
248
112
60
44
147
60
182
94
248
170
119
235
227
211
158
94
236
215
45
185
24
17
14
183
84
36
84
160
215
115
180
76
21
253
99
196
102
178
109
107
120
146
230
53
84
191
74
39
118
222
133
130
191
58
169
214
33
251
230
14
176
124
182
20
151
122
74
143
213
107
160
237
226
132
143
211
61
83
29
249
202
143
245
78
113
7
164
112
13
244
1
233
247
111
80
185
102
118
161
137
30
150
28
186
202
218
214
35
208
90
203
141
22
71
27
213
172
223
221
145
58
28
252
52
148
58
193
191
181
49
25
208
118
182
90
180
101
18
25
144
105
40
223
19
148
197
82
226
131
68
122
94
115
62
83
3
61
160
212
229
213
105
145
32
28
Vector Kc : 
163
149
88
244
163
134
58
148
211
206
231
11
159
158
161
173
38
40
209
72
111
138
224
236
208
250
170
236
34
185
98
17
187
11
215
22
168
236
40
33
48
69
126
170
12
129
180
165
240
234
0
200
121
181
145
160
222
252
164
78
4
117
202
80
76
64
17
112
179
193
135
143
228
78
97
195
112
240
84
234
196
153
15
36
227
59
217
230
53
241
219
61
172
183
71
224
240
132
17
0
72
172
223
223
67
79
16
108
100
88
13
214
55
12
43
121
40
76
123
251
140
92
159
98
176
49
89
245
46
201
238
139
147
117
133
14
97
136
237
243
127
169
43
167
227
241
125
248
220
167
195
172
14
240
177
53
153
73
131
101
111
166
91
118
83
95
26
58
ITER_MAX : 
1
